Day
Month
Sales
TC
TA
4
Promotion
Last Year Sales (Daily)
Last Year Sales MTD
Target Sales (Incentive) Daily
Target Sales MTD (Incentive)
Forecast Sales From NBO
Actual Sales (Daily)
Actual Sales MTD
Varaince From Target
Varaince MTD
Sales Delivery (Daily)
Sales Delivery MTD
Achive Incentive Target%
Varaince From Forecast
%
Comp Sales %
Waste Daily (Bath)
Waste Daily (%)
Last year TC (Daily)
Last year TC MTD
Target TC (Daily)
Target TC MTD
Actual TC (Daily)
Actual TC MTD
Varaince From Target
Varaince From Last year
Comp TC %
Last year TA
Target TA
Actual TA
Variance Target VS Actual
Recommend Hours (ชั่วโมงจากระบบ NBO)
Roster Commit From Area
MTD Roster Working Hours
ชั่วโมงการทำงาน Duty Team (ห้ามแก้ไข)
Actual Hours (PT+FT)
OT Hours
Summary Hours Total
MTD Working Hours
Variance Hours
COL(Bath)
MTD COL
COL(%)
Actual TCMH
Value Meal Set
MTD Value Meal
%Value Meal
UP Size
MTD UP Size
%UP Size
Add Cheese (จำนวนแผ่น)
MTD Add Cheese
%Add Cheese
Other (New promotion)
MTD
%
Other (New promotion)
MTD
%
46054
46054
97529
97529
100000
100000
96944
96944
-3056
-3056
30480
56843
-0.03056
96944
0
-0.005998215915266229
0
0
345
345
300
300
319
319
19
-26
-0.07536231884057971
282.6927536231884
333.3333333333333
303.8996865203762
-29.433646812957136
111
88
88
40
93
3
96
96
8
11424
11424
0.11784122792540024
3.3229166666666665
275
275
0.8620689655172413
12
12
0.03761755485893417
6
6
0.018808777429467086
0
0
0
0
46055
46055
98037
195566
100000
200000
88895
185839
-11105
-14161
26363
78022
-0.070805
88895
0
-0.04973768446457973
964.09
0.010845266887901456
345
690
300
600
310
629
29
-61
-0.08840579710144927
284.16521739130434
333.3333333333333
286.758064516129
-46.57526881720429
112
88
176
40
68
0
68
164
-20
9072
20496
0.11028901360855364
3.8353658536585367
242
517
0.821939586645469
25
37
0.058823529411764705
5
11
0.017488076311605722
0
0
0
0
46056
46056
87492
283058
100000
300000
77373
263212
-22627
-36788
21179
108340
-0.12262666666666666
77373
0
-0.07011283906478531
844.01
0.010908327194240884
322
1012
300
900
263
892
-8
-120
-0.11857707509881422
271.7142857142857
333.3333333333333
294.1939163498099
-39.139416983523404
112
88
264
40
115
0
115
279
27
13020
33516
0.12733462000212756
3.197132616487455
196
713
0.7993273542600897
8
45
0.05044843049327354
5
16
0.017937219730941704
0
0
0
0
46057
46057
83098
366156
100000
400000
84309
347521
-15691
-52479
30318
139217
-0.1311975
84309
0
-0.05089360818885939
883
0.010473377693959127
291
1303
300
1200
290
1182
-18
-121
-0.09286262471220261
285.5601374570447
333.3333333333333
290.7206896551724
-42.61264367816091
109
88
352
40
99.5
1.5
101
380
13
11844
45360
0.13052448629003716
3.110526315789474
232
945
0.799492385786802
17
62
0.05245346869712352
6
22
0.018612521150592216
0
0
0
0
46058
46058
93765
459921
100000
500000
89561
437082
-10439
-62918
30877
175578
-0.125836
89561
0
-0.049658528312471056
971
0.010841772646576077
322
1625
300
1500
302
1484
-16
-141
-0.08676923076923077
291.19565217391306
333.3333333333333
296.55960264900665
-36.773730684326665
110
88
440
40
87
1
88
468
0
10752
56112
0.12837865663651213
3.1709401709401708
233
1178
0.793800539083558
10
72
0.04851752021563342
2
24
0.016172506738544475
0
0
0
0
46059
46059
92957
552878
100000
600000
101474
538556
1474
-61444
36361
211850
-0.10240666666666666
101474
0
-0.02590444908279946
694
0.006839190334469914
326
1951
300
1800
335
1819
19
-132
-0.06765761148129165
285.1441717791411
333.3333333333333
302.90746268656716
-30.425870646766157
112
88
528
40
78
2
80
548
-8
10080
66192
0.12290643869903965
3.3193430656934306
260
1438
0.7905442550852116
13
85
0.04672897196261682
9
33
0.018141836173721827
0
0
0
0
46060
46060
101594
654472
100000
700000
106900
645456
6900
-54544
36272
243829
-0.07792
106900
0
-0.013775990416702319
695
0.006501403180542563
327
2278
300
2100
385
2204
104
-74
-0.0324846356453029
310.68501529051986
333.3333333333333
277.6623376623377
-55.67099567099564
114
88
616
40
102
1
103
651
15
12012
78204
0.12116085372201978
3.3855606758832564
279
1717
0.7790381125226861
18
103
0.04673321234119782
3
36
0.016333938294010888
0
0
0
0
46061
46061
105667
760139
100000
800000
99238
744694
-762
-55306
31979
280946
-0.0691325
99238
0
-0.020318652246497024
865
0.008716419113645983
368
2646
300
2400
350
2554
154
-92
-0.03476946334089191
287.13858695652175
333.3333333333333
283.53714285714284
-49.796190476190475
111
88
704
40
77
1
78
729
-10
9912
88116
0.11832511071661649
3.5034293552812072
236
1953
0.764682850430697
11
114
0.04463586530931871
6
42
0.01644479248238058
0
0
0
0
46062
46062
102295
862434
100000
900000
88922
833616
-11078
-66384
37117
310559
-0.07376
88922
0
-0.03341473086636195
1278
0.014372146375475136
362
3008
300
2700
313
2867
167
-141
-0.046875
282.5828729281768
333.3333333333333
284.09584664536743
-49.237486687965884
111
88
792
40
88
0
88
817
0
10752
98868
0.11860137041515519
3.5091799265605874
256
2209
0.7704918032786885
21
135
0.04708754795953959
4
46
0.016044645971398673
0
0
0
0
46063
46063
86825
949259
100000
1000000
85622
919238
-14378
-80762
29613
338326
-0.080762
85622
0
-0.03162572069372005
803
0.009378430777136718
300
3308
300
3000
229
3096
96
-212
-0.06408706166868199
289.4166666666667
333.3333333333333
373.89519650655023
40.56186317321692
110
88
880
40
66
1
67
884
-21
8988
107856
0.11733196408329508
3.502262443438914
199
2408
0.7777777777777778
14
149
0.0481266149870801
4
50
0.01614987080103359
0
0
0
0
46064
46064
89001
1038260
100000
1100000
76630
995868
-23370
-104132
27767
369135
-0.09466545454545454
76630
0
-0.04082984994124786
909
0.0118621949628083
298
3606
300
3300
278
3374
74
-232
-0.06433721575152523
298.66107382550337
333.3333333333333
275.6474820143885
-57.6858513189448
111
88
968
40
81
0
81
965
-7
10164
118020
0.118509682006049
3.496373056994819
197
2605
0.7720806164789568
9
158
0.04682868998221695
1
51
0.015115589804386485
0
0
0
0
46065
46065
91990
1130250
100000
1200000
84858
1080726
-15142
-119274
30809
393705
-0.099395
84858
0
-0.043816854678168544
1022
0.012043649390746895
323
3929
300
3600
280
3654
54
-275
-0.06999236446933062
284.7987616099071
333.3333333333333
303.0642857142857
-30.269047619047626
111
88
1056
40
76
0
76
1041
-12
9744
127764
0.11822052953292508
3.510086455331412
213
2818
0.7712096332785988
11
169
0.04625068418171866
15
66
0.0180623973727422
0
0
0
0
46066
46066
77428
1207678
100000
1300000
87988
1168714
-12012
-131286
24570
425997
-0.10098923076923078
87988
0
-0.03226356694416889
715
0.008126108105650771
285
4214
300
3900
310
3964
64
-250
-0.05932605600379687
271.6771929824561
333.3333333333333
283.8322580645161
-49.5010752688172
112
88
1144
40
90
0
90
1131
2
10920
138684
0.11866376204956901
3.504862953138815
229
3047
0.7686680121089808
15
184
0.04641775983854692
2
68
0.017154389505549948
0
0
0
0
46067
46067
91360
1299038
100000
1400000
90705
1259419
-9295
-140581
32292
468197
-0.100415
90705
0
-0.030498722901100662
1171
0.012909982911636624
307
4521
300
4200
349
4313
113
-208
-0.0460075204600752
297.5895765472313
333.3333333333333
259.8997134670487
-73.43361986628463
108
88
1232
40
43
4
47
1178
-41
7308
145992
0.11592011872141043
3.661290322580645
239
3286
0.7618826802689543
7
191
0.044284720612102944
2
70
0.01623000231857176
0
0
0
0
46068
46068
82422
1381460
100000
1500000
99070
1358489
-930
-141511
42200
491764
-0.09434066666666667
99070
0
-0.016628060168227817
724.12
0.0073091753305743416
304
4825
300
4500
327
4640
140
-185
-0.0383419689119171
271.125
333.3333333333333
302.9663608562691
-30.366972477064223
114
88
1320
40
55
3
58
1236
-30
8232
154224
0.11352613087040087
3.7540453074433655
293
3579
0.7713362068965517
7
198
0.04267241379310345
6
76
0.016379310344827588
0
0
0
0
46069
46069
106442
1487902
100000
1600000
74621
1433110
-25379
-166890
23567
525369
-0.10430625
74621
0
-0.03682500594797238
889.5
0.011920236930622746
352
5177
300
4800
284
4924
124
-253
-0.04887000193162063
302.39204545454544
333.3333333333333
262.75
-70.58333333333331
111
88
1408
40
82
4
86
1322
-2
10584
164808
0.11500024422410003
3.724659606656581
189
3768
0.7652315190901706
13
211
0.042851340373679936
13
89
0.018074735987002436
0
0
0
0
46070
46070
83691
1571593
100000
1700000
86748
1519858
-13252
-180142
33605
559329
-0.10596588235294117
86748
0
-0.032918828220792534
772.87
0.00890936966846498
330
5507
300
5100
278
5202
102
-305
-0.05538405665516615
253.6090909090909
333.3333333333333
312.0431654676259
-21.290167865707417
111
88
1496
40
66.5
5
71.5
1393.5
-16.5
9366
174174
0.11459886384122728
3.7330462863293863
204
3972
0.7635524798154556
19
230
0.04421376393694733
5
94
0.018069973087274125
0
0
0
0
46071
46071
72123
1643716
100000
1800000
96472
1616330
-3528
-183670
33960
591308
-0.10203888888888889
96472
0
-0.016661029034212724
574.92
0.005959449373911601
284
5791
300
5400
295
5497
97
-294
-0.05076843377654982
253.95422535211267
333.3333333333333
327.02372881355933
-6.309604519773984
105
88
1584
40
60
3
63
1456.5
-25
8652
182826
0.11311180266405994
3.774116031582561
215
4187
0.7616881935601237
13
243
0.04420593050754957
9
103
0.018737493178097146
0
0
0
0
46072
46072
77160
1720876
100000
1900000
97891
1714221
-2109
-185779
31979
616162
-0.09777842105263158
97891
0
-0.003867216464172898
431
0.0044028562380607
273
6064
300
5700
311
5808
108
-256
-0.04221635883905013
282.6373626373626
333.3333333333333
314.7620578778135
-18.57127545551981
110
88
1672
40
40
7.5
47.5
1504
-40.5
7350
190176
0.1109401879920967
3.8617021276595747
218
4405
0.7584366391184573
14
257
0.04424931129476584
2
105
0.018078512396694214
0
0
0
0
46073
46073
79784
1800660
100000
2000000
90641
1804862
-9359
-195138
24854
631714
-0.097569
90641
0
0.0023335887952195306
662.12
0.007304862038150506
283
6347
300
6000
273
6081
81
-266
-0.04190956357334174
281.92226148409895
333.3333333333333
332.01831501831504
-1.3150183150182784
112
88
1760
40
88
3
91
1595
3
11004
201180
0.11146558573453261
3.812539184952978
237
4642
0.7633612892616346
14
271
0.04456503864495971
7
112
0.018418023351422463
0
0
0
0
46074
46074
81385
1882045
100000
2100000
95433
1900295
-4567
-199705
15552
673915
-0.09509761904761904
95433
0
0.009696898852046576
795.7
0.008337786719478588
304
6651
300
6300
312
6393
93
-258
-0.038791159224176815
267.7138157894737
333.3333333333333
305.875
-27.458333333333314
114
88
1848
40
105
0
105
1700
17
12180
213360
0.11227730431327768
3.760588235294118
89
4731
0.7400281557954013
11
282
0.044110746128578134
9
121
0.01892695135304239
0
0
0
0
46075
46075
80110
1962155
100000
2200000
125418
2025713
25418
-174287
42201
699505
-0.07922136363636363
125418
0
0.0323919364168478
2115
0.016863608094531884
304
6955
300
6600
406
6799
199
-156
-0.022429906542056073
263.51973684210526
333.3333333333333
308.9113300492611
-24.42200328407222
116
88
1936
40
122
0
122
1822
34
13608
226968
0.1120435125805087
3.7316136114160265
323
5054
0.7433446095013972
23
305
0.044859538167377554
9
130
0.019120458891013385
0
0
0
0
46076
46076
94601
2056756
100000
2300000
85611
2111324
-14389
-188676
25590
744384
-0.08203304347826088
85611
0
0.02653110043194234
972
0.011353681185828924
337
7292
300
6900
290
7089
189
-203
-0.027838727372462974
280.7151335311573
333.3333333333333
295.2103448275862
-38.12298850574712
116
88
2024
40
80
9
89
1911
1
10836
237804
0.11263264188727073
3.709576138147567
202
5256
0.7414303851036818
10
315
0.04443504020313161
3
133
0.018761461419100015
0
0
0
0
46077
46077
82037
2138793
100000
2400000
82270
2193594
-17730
-206406
44879
744384
-0.0860025
82270
0
0.02562239543518237
891
0.010830193266075119
292
7584
300
7200
283
7372
172
-212
-0.027953586497890294
280.9486301369863
333.3333333333333
290.70671378091873
-42.62661955241458
111
88
2112
40
58
6
64
1975
-24
8736
246540
0.1123908982245575
3.732658227848101
222
5478
0.7430819316332067
7
322
0.043678784590341836
10
143
0.01939772110689094
0
0
0
0
46078
46078
92386
2231179
100000
2500000
2193594
-100000
-306406
744384
-0.1225624
0
0
-0.016845353958602156
322
7906
300
7500
7372
-128
-534
-0.06754363774348596
286.9130434782609
333.3333333333333
88
2200
40
0
0
1975
-88
3360
249900
0.11392263107940667
3.732658227848101
5478
0.7430819316332067
322
0.043678784590341836
143
0.01939772110689094
0
0
0
0
46079
46079
109072
2340251
100000
2600000
2193594
-100000
-406406
744384
-0.15631
0
0
-0.06266720962836893
351
8257
300
7800
7372
-428
-885
-0.10718178515199225
310.74643874643874
333.3333333333333
88
2288
40
0
0
1975
-88
3360
253260
0.11545436393425584
3.732658227848101
5478
0.7430819316332067
322
0.043678784590341836
143
0.01939772110689094
0
0
0
0
46080
46080
85399
2425650
100000
2700000
2193594
-100000
-506406
744384
-0.18755777777777777
0
0
-0.09566755302702369
291
8548
300
8100
7372
-728
-1176
-0.1375760411792232
293.46735395189006
333.3333333333333
88
2376
40
0
0
1975
-88
3360
256620
0.116986096789105
3.732658227848101
5478
0.7430819316332067
322
0.043678784590341836
143
0.01939772110689094
0
0
0
0
46081
46081
163919
2589569
100000
2800000
2193594
-100000
-606406
744384
-0.21657357142857142
0
0
-0.15291154628434306
678
9226
300
8400
7372
-1028
-1854
-0.20095382614350749
241.7684365781711
333.3333333333333
88
2464
40
0
0
1975
-88
3360
259980
0.11851782964395417
3.732658227848101
5478
0.7430819316332067
322
0.043678784590341836
143
0.01939772110689094
0
0
0
0
46082
46082
2589569
2800000
2193594
0
-606406
744384
-0.21657357142857142
0
0
-0.15291154628434306
9226
8400
7372
-1028
-1854
-0.20095382614350749
2464
40
0
0
1975
0
3360
263340
0.12004956249880333
3.732658227848101
5478
0.7430819316332067
322
0.043678784590341836
143
0.01939772110689094
0
0
0
0
46083
46083
2589569
2800000
2193594
0
-606406
744384
-0.21657357142857142
0
0
-0.15291154628434306
9226
8400
7372
-1028
-1854
-0.20095382614350749
2464
40
0
0
1975
0
3360
266700
0.1215812953536525
3.732658227848101
5478
0.7430819316332067
322
0.043678784590341836
143
0.01939772110689094
0
0
0
0
46084
46084
2589569
2800000
2193594
0
-606406
1458288
-0.21657357142857142
0
0
-0.15291154628434306
9226
8400
7372
-1028
-1854
-0.20095382614350749
2464
40
0
0
1975
0
3360
270060
0.12311302820850166
3.732658227848101
5478
0.7430819316332067
322
0.043678784590341836
143
0.01939772110689094
0
0
0
0