Day
Month
Sales
TC
TA
4
Promotion
Last Year Sales (Daily)
Last Year Sales MTD
Target Sales (Incentive) Daily
Target Sales MTD (Incentive)
Forecast Sales From NBO
Actual Sales (Daily)
Actual Sales MTD
Varaince From Target
Varaince MTD
Sales Delivery (Daily)
Sales Delivery MTD
Achive Incentive Target%
Varaince From Forecast
%
Comp Sales %
Waste Daily (Bath)
Waste Daily (%)
Last year TC (Daily)
Last year TC MTD
Target TC (Daily)
Target TC MTD
Actual TC (Daily)
Actual TC MTD
Varaince From Target
Varaince From Last year
Comp TC %
Last year TA
Target TA
Actual TA
Variance Target VS Actual
Recommend Hours (ชั่วโมงจากระบบ NBO)
Roster Commit From Area
MTD Roster Working Hours
ชั่วโมงการทำงาน Duty Team (ห้ามแก้ไข)
Actual Hours (PT+FT)
OT Hours
Summary Hours Total
MTD Working Hours
Variance Hours
COL(Bath)
MTD COL
COL(%)
Actual TCMH
Value Meal Set
MTD Value Meal
%Value Meal
UP Size
MTD UP Size
%UP Size
Add Cheese (จำนวนแผ่น)
MTD Add Cheese
%Add Cheese
Other (New promotion)
MTD
%
Other (New promotion)
MTD
%
46082
46082
82831
82831
104000
104000
98934
102408
102408
-1592
-1592
41619
82019
-0.015307692307692307
3474
0.03511431863666687
0.23634871002402483
593.4
0.005794469182095149
305
305
400
400
341
341
-59
36
0.1180327868852459
271.5770491803279
260
300.316715542522
40.31671554252199
110
88
88
40
70
0
70
70
-18
9240
9240
0.09022732599015702
4.871428571428571
283
283
0.8299120234604106
14
14
0.04105571847507331
4
4
0.011730205278592375
0
0
0
0
46083
46083
83002
165833
104000
208000
88007
99640
202048
-4360
-5952
40400
109397
-0.028615384615384615
11633
0.13218266728782938
0.21838234850723318
1364.64
0.013695704536330792
329
634
400
800
335
676
-124
42
0.06624605678233439
252.28571428571428
260
297.43283582089555
37.43283582089555
110
88
176
40
69
5
74
144
-14
9576
18816
0.09312638580931264
4.694444444444445
268
551
0.8150887573964497
19
33
0.04881656804733728
6
10
0.014792899408284023
0
0
0
0
46084
46084
72272
238105
104000
312000
85376
79200
281248
-24800
-30752
27378
140230
-0.09856410256410257
-6176
-0.07233883058470765
0.18119317107998573
737.97
0.00931780303030303
280
914
400
1200
278
954
-246
40
0.0437636761487965
258.1142857142857
260
284.89208633093523
24.89208633093523
108
88
264
40
87
0
87
231
-1
10668
29484
0.10483274547730118
4.12987012987013
220
771
0.8081761006289309
12
45
0.04716981132075472
4
14
0.014675052410901468
0
0
0
0
46085
46085
73126
311231
95000
407000
90408
77073
358321
-17927
-48679
30833
177081
-0.11960442260442261
-13335
-0.14749800902574994
0.15130240882174334
712.28
0.009241628066897616
293
1207
350
1550
286
1240
-310
33
0.027340513670256836
249.5767918088737
271.42857142857144
269.486013986014
-1.9425574425574723
110
88
352
40
59.5
7
66.5
297.5
-21.5
8946
38430
0.10725020303024384
4.168067226890757
226
997
0.8040322580645162
13
58
0.0467741935483871
12
26
0.020967741935483872
0
0
0
0
46086
46086
86253
397484
95000
502000
95666
83734
442055
-11266
-59945
36851
217416
-0.11941235059760956
-11932
-0.1247256078439571
0.11213281540892212
517.94
0.006185539924045191
328
1535
350
1900
310
1550
-350
15
0.009771986970684038
262.9664634146341
271.42857142857144
270.10967741935485
-1.3188940092165922
114
88
440
40
55
4
59
356.5
-29
8316
46746
0.10574702242933572
4.3478260869565215
272
1269
0.8187096774193549
14
72
0.04645161290322581
7
33
0.02129032258064516
0
0
0
0
46087
46087
77610
475094
95000
597000
87938
92475
534530
-2525
-62470
40335
217416
-0.10463986599664991
4537
0.05159316791375742
0.12510366369602646
748.12
0.008089970262233036
340
1875
350
2250
282
1832
-418
-43
-0.022933333333333333
228.26470588235293
271.42857142857144
327.9255319148936
56.496960486322166
110
88
528
40
71
2
73
429.5
-15
9492
56238
0.1052101846481956
4.2654249126891735
264
1533
0.8367903930131004
19
91
0.04967248908296943
14
47
0.025655021834061136
0
0
0
0
46088
46088
91093
566187
95000
692000
100173
534530
-95000
-157470
217416
-0.2275578034682081
-100173
-1
-0.05591262250811128
354
2229
350
2600
1832
-768
-397
-0.17810677433826827
257.32485875706215
271.42857142857144
120
88
616
40
78
0
78
507.5
-10
9912
66150
0.12375357790956541
3.6098522167487683
1533
0.8367903930131004
91
0.04967248908296943
47
0.025655021834061136
0
0
0
0
46089
46089
97842
664029
95000
787000
101610
534530
-95000
-252470
217416
-0.3208005082592122
-101610
-1
-0.19502009701383524
379
2608
350
2950
1832
-1118
-776
-0.29754601226993865
258.15831134564644
271.42857142857144
88
704
40
0
0
507.5
-88
3360
69510
0.13003947393036874
3.6098522167487683
1533
0.8367903930131004
91
0.04967248908296943
47
0.025655021834061136
0
0
0
0
46090
46090
105821
769850
95000
882000
86086
534530
-95000
-347470
217416
-0.39395691609977324
-86086
-1
-0.3056699357017601
360
2968
350
3300
1832
-1468
-1136
-0.38274932614555257
293.9472222222222
271.42857142857144
88
792
40
0
0
507.5
-88
3360
72870
0.13632536995117206
3.6098522167487683
1533
0.8367903930131004
91
0.04967248908296943
47
0.025655021834061136
0
0
0
0
46091
46091
75332
845182
95000
977000
85376
534530
-95000
-442470
217416
-0.4528863868986694
-85376
-1
-0.36755633697830764
275
3243
350
3650
1832
-1818
-1411
-0.43509096515572
273.93454545454546
271.42857142857144
88
880
40
0
0
507.5
-88
3360
76230
0.14261126597197538
3.6098522167487683
1533
0.8367903930131004
91
0.04967248908296943
47
0.025655021834061136
0
0
0
0
46092
46092
70802
915984
95000
1072000
90408
534530
-95000
-537470
217416
-0.5013712686567164
-90408
-1
-0.41644177190867965
268
3511
350
4000
1832
-2168
-1679
-0.4782113358017659
264.1865671641791
271.42857142857144
88
968
40
0
0
507.5
-88
3360
79590
0.1488971619927787
3.6098522167487683
1533
0.8367903930131004
91
0.04967248908296943
47
0.025655021834061136
0
0
0
0
46093
46093
54158
970142
95000
1167000
95666
534530
-95000
-632470
217416
-0.5419622964867181
-95666
-1
-0.4490188034328995
214
3725
350
4350
1832
-2518
-1893
-0.5081879194630873
253.07476635514018
271.42857142857144
88
1056
40
0
0
507.5
-88
3360
82950
0.15518305801358204
3.6098522167487683
1533
0.8367903930131004
91
0.04967248908296943
47
0.025655021834061136
0
0
0
0
46094
46094
84873
1055015
95000
1262000
87938
534530
-95000
-727470
217416
-0.5764421553090333
-87938
-1
-0.49334369653512034
297
4022
350
4700
1832
-2868
-2190
-0.5445052212829438
285.7676767676768
271.42857142857144
88
1144
40
0
0
507.5
-88
3360
86310
0.16146895403438535
3.6098522167487683
1533
0.8367903930131004
91
0.04967248908296943
47
0.025655021834061136
0
0
0
0
46095
46095
79739
1134754
95000
1357000
100173
534530
-95000
-822470
217416
-0.6060943257184966
-100173
-1
-0.5289463619427647
296
4318
350
5050
1832
-3218
-2486
-0.5757295044001852
269.3885135135135
271.42857142857144
88
1232
40
0
0
507.5
-88
3360
89670
0.16775485005518867
3.6098522167487683
1533
0.8367903930131004
91
0.04967248908296943
47
0.025655021834061136
0
0
0
0
46096
46096
87223
1221977
95000
1452000
101610
534530
-95000
-917470
217416
-0.631866391184573
-101610
-1
-0.5625695082640672
318
4636
350
5400
1832
-3568
-2804
-0.6048317515099223
274.2861635220126
271.42857142857144
88
1320
40
0
0
507.5
-88
3360
93030
0.174040746075992
3.6098522167487683
1533
0.8367903930131004
91
0.04967248908296943
47
0.025655021834061136
0
0
0
0
46097
46097
86629
1308606
95000
1547000
86086
534530
-95000
-1012470
217416
-0.6544731738849386
-86086
-1
-0.591527167077027
305
4941
350
5750
1832
-3918
-3109
-0.6292248532685691
284.02950819672134
271.42857142857144
88
1408
40
0
0
507.5
-88
3360
96390
0.1803266420967953
3.6098522167487683
1533
0.8367903930131004
91
0.04967248908296943
47
0.025655021834061136
0
0
0
0
46098
46098
78027
1386633
95000
1642000
85376
534530
-95000
-1107470
217416
-0.6744640682095006
-85376
-1
-0.6145122754182253
288
5229
350
6100
1832
-4268
-3397
-0.6496462038630714
270.9270833333333
271.42857142857144
88
1496
40
0
0
507.5
-88
3360
99750
0.18661253811759865
3.6098522167487683
1533
0.8367903930131004
91
0.04967248908296943
47
0.025655021834061136
0
0
0
0
46099
46099
67499
1454132
95000
1737000
90408
534530
-95000
-1202470
217416
-0.6922682786413357
-90408
-1
-0.6324061364442843
258
5487
350
6450
1832
-4618
-3655
-0.666119919810461
261.6240310077519
271.42857142857144
88
1584
40
0
0
507.5
-88
3360
103110
0.19289843413840196
3.6098522167487683
1533
0.8367903930131004
91
0.04967248908296943
47
0.025655021834061136
0
0
0
0
46100
46100
62556
1516688
95000
1832000
95666
534530
-95000
-1297470
217416
-0.708225982532751
-95666
-1
-0.6475675946536137
254
5741
350
6800
1832
-4968
-3909
-0.6808918306915172
246.28346456692913
271.42857142857144
88
1672
40
0
0
507.5
-88
3360
106470
0.19918433015920528
3.6098522167487683
1533
0.8367903930131004
91
0.04967248908296943
47
0.025655021834061136
0
0
0
0
46101
46101
82878
1599566
95000
1927000
87938
534530
-95000
-1392470
217416
-0.7226102750389206
-87938
-1
-0.6658281058737182
305
6046
350
7150
1832
-5318
-4214
-0.6969897452861396
271.7311475409836
271.42857142857144
88
1760
40
0
0
507.5
-88
3360
109830
0.2054702261800086
3.6098522167487683
1533
0.8367903930131004
91
0.04967248908296943
47
0.025655021834061136
0
0
0
0
46102
46102
81865
1681431
95000
2022000
100173
534530
-95000
-1487470
217416
-0.7356429277942631
-100173
-1
-0.682098165193814
296
6342
350
7500
1832
-5668
-4510
-0.7111321349731946
276.57094594594594
271.42857142857144
88
1848
40
0
0
507.5
-88
3360
113190
0.21175612220081194
3.6098522167487683
1533
0.8367903930131004
91
0.04967248908296943
47
0.025655021834061136
0
0
0
0
46103
46103
89149
1770580
95000
2117000
101610
534530
-95000
-1582470
217416
-0.7475059045819556
-101610
-1
-0.698104575901682
311
6653
350
7850
1832
-6018
-4821
-0.7246355027807004
286.65273311897107
271.42857142857144
88
1936
40
0
0
507.5
-88
3360
116550
0.21804201822161526
3.6098522167487683
1533
0.8367903930131004
91
0.04967248908296943
47
0.025655021834061136
0
0
0
0
46104
46104
101647
1872227
95000
2212000
86086
534530
-95000
-1677470
217416
-0.7583499095840868
-86086
-1
-0.7144950906060002
361
7014
350
8200
1832
-6368
-5182
-0.7388080980895352
281.5706371191136
271.42857142857144
88
2024
40
0
0
507.5
-88
3360
119910
0.22432791424241857
3.6098522167487683
1533
0.8367903930131004
91
0.04967248908296943
47
0.025655021834061136
0
0
0
0
46105
46105
76430
1948657
95000
2307000
85376
534530
-95000
-1772470
217416
-0.7683008235804074
-85376
-1
-0.7256931312180646
301
7315
350
8550
1832
-6718
-5483
-0.7495557074504443
253.9202657807309
271.42857142857144
88
2112
40
0
0
507.5
-88
3360
123270
0.2306138102632219
3.6098522167487683
1533
0.8367903930131004
91
0.04967248908296943
47
0.025655021834061136
0
0
0
0
46106
46106
83976
2032633
95000
2402000
90408
534530
-95000
-1867470
217416
-0.7774646128226478
-90408
-1
-0.7370258182367402
292
7607
350
8900
1832
-7068
-5775
-0.7591691862757987
287.5890410958904
271.42857142857144
88
2200
40
0
0
507.5
-88
3360
126630
0.2368997062840252
3.6098522167487683
1533
0.8367903930131004
91
0.04967248908296943
47
0.025655021834061136
0
0
0
0
46107
46107
87881
2120514
95000
2497000
95666
534530
-95000
-1962470
217416
-0.785931117340809
-95666
-1
-0.7479243240082357
337
7944
350
9250
1832
-7418
-6112
-0.7693856998992951
260.77448071216617
271.42857142857144
88
2288
40
0
0
507.5
-88
3360
129990
0.24318560230482855
3.6098522167487683
1533
0.8367903930131004
91
0.04967248908296943
47
0.025655021834061136
0
0
0
0
46108
46108
92470
2212984
95000
2592000
87938
534530
-95000
-2057470
217416
-0.7937770061728395
-87938
-1
-0.7584573589325544
345
8289
350
9600
1832
-7768
-6457
-0.7789841959223067
268.0289855072464
271.42857142857144
88
2376
40
0
0
507.5
-88
3360
133350
0.24947149832563187
3.6098522167487683
1533
0.8367903930131004
91
0.04967248908296943
47
0.025655021834061136
0
0
0
0
46109
46109
120308
2333292
95000
2687000
100173
534530
-95000
-2152470
217416
-0.8010681056940826
-100173
-1
-0.7709116561493375
333
8622
350
9950
1832
-8118
-6790
-0.7875202969148689
361.2852852852853
271.42857142857144
88
2464
40
0
0
507.5
-88
3360
136710
0.2557573943464352
3.6098522167487683
1533
0.8367903930131004
91
0.04967248908296943
47
0.025655021834061136
0
0
0
0
46110
46110
99387
2432679
95000
2782000
101610
534530
-95000
-2247470
217416
-0.807861250898634
-101610
-1
-0.7802710509689113
367
8989
350
10300
1832
-8468
-7157
-0.7961953498720659
270.8092643051771
271.42857142857144
88
2552
40
0
0
507.5
-88
3360
140070
0.2620432903672385
3.6098522167487683
1533
0.8367903930131004
91
0.04967248908296943
47
0.025655021834061136
0
0
0
0
46111
46111
86711
2519390
95000
2877000
86086
534530
-95000
-2342470
217416
-0.8142057698992006
-86086
-1
-0.7878335628862542
309
9298
350
10650
1832
-8818
-7466
-0.802968380296838
280.6181229773463
271.42857142857144
88
2640
40
0
0
507.5
-88
3360
143430
0.2683291863880418
3.6098522167487683
1533
0.8367903930131004
91
0.04967248908296943
47
0.025655021834061136
0
0
0
0
46112
46112
86258
2605648
95000
2972000
85376
534530
-95000
-2437470
393213
-0.8201446837146703
-85376
-1
-0.7948571718052477
320
9618
350
11000
1832
-9168
-7786
-0.8095238095238095
269.55625
271.42857142857144
88
2728
40
0
0
507.5
-88
3360
146790
0.27461508240884513
3.6098522167487683
1533
0.8367903930131004
91
0.04967248908296943
47
0.025655021834061136
0
0
0
0
Total
2605648
2605648
2972000
2972000
2861345
534530
-2437470
175797
0.17985531628532975
-2326815
4674.35
0.008744785138345838
9618
9618
11000
11000
1832
1832
-125707
-7786
-0.8095238095238095
270.9137034726554
270.1818181818182
291.7740174672489
21.592199285430695
782
2728
2728
1240
489.5
18
507.5
507.5
-2220.5
146790
0.27461508240884513
3.6098522167487683
1533
1533
0.8367903930131004
91
91
0.04967248908296943
47
47
0.025655021834061136
0
0
0
0
0
0